=== Run information ===

Scheme:       weka.classifiers.bayes.NaiveBayes -K
Relation:     poker_hand/training/cardnumeric/all
Instances:    25010
Attributes:   11
              S1
              C1
              S2
              C2
              S3
              C3
              S4
              C4
              S5
              C5
              CLASS
Test mode:    5-fold cross-validation

=== Classifier model (full training set) ===

Naive Bayes Classifier

                         Class
Attribute                    0         1         2         3         S         F        FH         4        SF        RF
                         (0.5)    (0.42)    (0.05)    (0.02)       (0)       (0)       (0)       (0)       (0)       (0)
=========================================================================================================================
S1
  H                      3092.0    2634.0     290.0     146.0      33.0      13.0       7.0       1.0       3.0       2.0
  S                      3053.0    2670.0     298.0     118.0      22.0      12.0      10.0       3.0       2.0       2.0
  D                      3184.0    2596.0     301.0     122.0      19.0      13.0      13.0       4.0       2.0       2.0
  C                      3168.0    2703.0     321.0     131.0      23.0      20.0      10.0       2.0       2.0       3.0
  [total]               12497.0   10603.0    1210.0     517.0      97.0      58.0      40.0      10.0       9.0       9.0

C1
  [# kernels]                 8        10        11        11         9         5        10         5         4         1
  [std. dev]             0.1667    0.1667     0.288    0.4415    0.8296    0.6804       1.5    2.4495    3.5777    0.1667
  [precision]                 1         1         1         1         1         1         1         1         1         1
  K1: mean (weight)    1 (4849)  1 (3315)   1 (281)   1 (131)    1 (19)    1 (22)     1 (4)     2 (1)     1 (2)     1 (5)
  K2: mean (weight)    2 (3245)  2 (2366)   2 (246)   2 (100)     2 (8)    2 (13)     2 (5)     3 (1)     2 (1)        --
  K3: mean (weight)    3 (2043)  3 (1832)   3 (206)    3 (83)     3 (8)    3 (11)     3 (4)     5 (1)     5 (1)        --
  K4: mean (weight)    4 (1199)  4 (1240)   4 (145)    4 (56)    4 (14)     4 (6)     4 (6)     7 (1)     9 (1)        --
  K5: mean (weight)     5 (635)   5 (805)   5 (100)    5 (48)     5 (5)     6 (2)     5 (5)     8 (2)        --        --
  K6: mean (weight)     6 (340)   6 (533)    6 (83)    6 (27)     6 (7)        --     6 (5)        --        --        --
  K7: mean (weight)     7 (139)   7 (315)    7 (49)    7 (30)     7 (8)        --     7 (1)        --        --        --
  K8: mean (weight)      8 (43)   8 (132)    8 (47)    8 (16)     8 (8)        --     8 (3)        --        --        --
  K9: mean (weight)          --    9 (53)    9 (26)    9 (16)    9 (16)        --     9 (2)        --        --        --
  K10: mean (weight)         --    10 (8)   10 (20)    10 (4)        --        --    10 (1)        --        --        --
  K11: mean (weight)         --        --    11 (3)    11 (2)        --        --        --        --        --        --

S2
  H                      3143.0    2702.0     308.0     116.0      18.0      13.0      13.0       1.0       3.0       2.0
  S                      3039.0    2663.0     288.0     127.0      28.0      12.0       9.0       4.0       2.0       2.0
  D                      3159.0    2645.0     319.0     138.0      25.0      13.0       8.0       1.0       2.0       2.0
  C                      3156.0    2593.0     295.0     136.0      26.0      20.0      10.0       4.0       2.0       3.0
  [total]               12497.0   10603.0    1210.0     517.0      97.0      58.0      40.0      10.0       9.0       9.0

C2
  [# kernels]                 9        11        12        12         9         8        10         5         4         1
  [std. dev]             0.1667    0.1667    0.3168    0.4857    0.8296    0.9526       1.5    3.6742    3.5777    0.1667
  [precision]                 1         1         1         1         1         1         1         1         1         1
  K1: mean (weight)    2 (1630)   1 (876)   1 (197)    1 (54)     2 (7)     2 (8)     1 (4)     2 (1)     2 (2)    10 (5)
  K2: mean (weight)    3 (2371)  2 (1260)   2 (173)    2 (50)     3 (8)     3 (9)     2 (5)     3 (1)     3 (1)        --
  K3: mean (weight)    4 (2439)  3 (1376)   3 (167)    3 (59)     4 (8)    4 (10)     3 (4)     7 (1)     6 (1)        --
  K4: mean (weight)    5 (2205)  4 (1508)   4 (129)    4 (53)    5 (14)    5 (14)     4 (6)     8 (2)    10 (1)        --
  K5: mean (weight)    6 (1665)  5 (1439)   5 (118)    5 (53)     6 (5)     6 (2)     5 (5)    11 (1)        --        --
  K6: mean (weight)    7 (1141)  6 (1269)   6 (102)    6 (46)     7 (7)     7 (5)     6 (5)        --        --        --
  K7: mean (weight)     8 (681)  7 (1075)    7 (79)    7 (45)     8 (8)     8 (2)     7 (1)        --        --        --
  K8: mean (weight)     9 (293)   8 (835)    8 (70)    8 (42)     9 (8)     9 (4)     8 (3)        --        --        --
  K9: mean (weight)     10 (68)   9 (554)    9 (70)    9 (41)   10 (28)        --     9 (2)        --        --        --
  K10: mean (weight)         --  10 (318)   10 (50)   10 (26)        --        --    10 (1)        --        --        --
  K11: mean (weight)         --   11 (89)   11 (36)   11 (32)        --        --        --        --        --        --
  K12: mean (weight)         --        --   12 (15)   12 (12)        --        --        --        --        --        --

S3
  H                      3147.0    2651.0     286.0     130.0      24.0      13.0      13.0       4.0       3.0       2.0
  S                      3171.0    2659.0     309.0     130.0      25.0      12.0       7.0       2.0       2.0       2.0
  D                      3033.0    2662.0     319.0     130.0      22.0      13.0      14.0       2.0       2.0       2.0
  C                      3146.0    2631.0     296.0     127.0      26.0      20.0       6.0       2.0       2.0       3.0
  [total]               12497.0   10603.0    1210.0     517.0      97.0      58.0      40.0      10.0       9.0       9.0

C3
  [# kernels]                 9        11        11        13         9         9        12         5         4         1
  [std. dev]             0.1667    0.1667     0.288    0.5298    0.8296    1.0887         2    3.6742    3.5777    0.1667
  [precision]                 1         1         1         1         1         1         1         1         1         1
  K1: mean (weight)     3 (421)   2 (458)    2 (53)    1 (54)     3 (7)     3 (3)     1 (2)     2 (1)     3 (2)    11 (5)
  K2: mean (weight)    4 (1065)   3 (724)    3 (87)    2 (41)     4 (8)     4 (5)     2 (3)     3 (1)     4 (1)        --
  K3: mean (weight)    5 (1632)   4 (996)   4 (121)    3 (46)     5 (8)     5 (5)     3 (2)     7 (1)     7 (1)        --
  K4: mean (weight)    6 (2039)  5 (1152)   5 (138)    4 (43)    6 (14)     6 (8)     4 (5)     8 (2)    11 (1)        --
  K5: mean (weight)    7 (2227)  6 (1277)   6 (139)    5 (38)     7 (5)    7 (10)     5 (2)    11 (1)        --        --
  K6: mean (weight)    8 (1994)  7 (1277)   7 (133)    6 (29)     8 (7)     8 (9)     6 (3)        --        --        --
  K7: mean (weight)    9 (1658)  8 (1292)   8 (147)    7 (44)     9 (8)     9 (8)     7 (1)        --        --        --
  K8: mean (weight)   10 (1042)  9 (1231)   9 (144)    8 (38)    10 (8)    10 (4)     8 (6)        --        --        --
  K9: mean (weight)    11 (415) 10 (1041)  10 (110)    9 (35)   11 (28)    11 (2)     9 (3)        --        --        --
  K10: mean (weight)         --  11 (747)   11 (98)   10 (36)        --        --    10 (4)        --        --        --
  K11: mean (weight)         --  12 (404)   12 (36)   11 (38)        --        --    11 (3)        --        --        --
  K12: mean (weight)         --        --        --   12 (38)        --        --    13 (2)        --        --        --
  K13: mean (weight)         --        --        --   13 (33)        --        --        --        --        --        --

S4
  H                      3162.0    2651.0     284.0     128.0      27.0      13.0      13.0       3.0       3.0       2.0
  S                      3054.0    2640.0     312.0     138.0      22.0      12.0       9.0       2.0       2.0       2.0
  D                      3067.0    2639.0     302.0     127.0      36.0      13.0       8.0       3.0       2.0       2.0
  C                      3214.0    2673.0     312.0     124.0      12.0      20.0      10.0       2.0       2.0       3.0
  [total]               12497.0   10603.0    1210.0     517.0      97.0      58.0      40.0      10.0       9.0       9.0

C4
  [# kernels]                 9        11        12        12         9         9        11         5         4         1
  [std. dev]             0.1667    0.1667    0.3168    0.4857    0.8296    1.0887    1.8333    3.6742    3.5777    0.1667
  [precision]                 1         1         1         1         1         1         1         1         1         1
  K1: mean (weight)      4 (85)   3 (123)    2 (20)    2 (16)     4 (7)     4 (1)     2 (1)     2 (1)     4 (2)    12 (5)
  K2: mean (weight)     5 (301)   4 (314)    3 (31)    3 (26)     5 (8)     5 (2)     3 (1)     3 (1)     5 (1)        --
  K3: mean (weight)     6 (699)   5 (549)    4 (54)    4 (47)     6 (8)     6 (3)     4 (2)     7 (1)     8 (1)        --
  K4: mean (weight)    7 (1166)   6 (816)    5 (73)    5 (44)    7 (14)     7 (6)     6 (3)     8 (2)    12 (1)        --
  K5: mean (weight)    8 (1726)  7 (1077)    6 (61)    6 (40)     8 (5)     8 (6)     7 (2)    11 (1)        --        --
  K6: mean (weight)    9 (2136)  8 (1293)    7 (91)    7 (51)     9 (7)    9 (12)     8 (4)        --        --        --
  K7: mean (weight)   10 (2485)  9 (1414)   8 (115)    8 (70)    10 (8)    10 (7)     9 (3)        --        --        --
  K8: mean (weight)   11 (2297) 10 (1529)   9 (107)    9 (55)    11 (8)    11 (8)    10 (5)        --        --        --
  K9: mean (weight)   12 (1598) 11 (1447)  10 (129)   10 (43)   12 (28)    12 (9)    11 (8)        --        --        --
  K10: mean (weight)         -- 12 (1235)  11 (153)   11 (46)        --        --    12 (1)        --        --        --
  K11: mean (weight)         --  13 (802)  12 (168)   12 (42)        --        --    13 (6)        --        --        --
  K12: mean (weight)         --        --  13 (204)   13 (33)        --        --        --        --        --        --

S5
  H                      3093.0    2640.0     310.0     118.0      26.0      13.0       9.0       3.0       3.0       2.0
  S                      3130.0    2771.0     266.0     126.0      19.0      12.0      15.0       1.0       2.0       2.0
  D                      3146.0    2622.0     323.0     127.0      26.0      13.0       9.0       2.0       2.0       2.0
  C                      3128.0    2570.0     311.0     146.0      26.0      20.0       7.0       4.0       2.0       3.0
  [total]               12497.0   10603.0    1210.0     517.0      97.0      58.0      40.0      10.0       9.0       9.0

C5
  [# kernels]                 8        10        11        11         9         6        11         5         4         1
  [std. dev]             0.1667    0.1667     0.288    0.4415    0.8296    0.6804    1.8333    2.0412    3.5777    0.1667
  [precision]                 1         1         1         1         1         1         1         1         1         1
  K1: mean (weight)      6 (39)    4 (12)     3 (6)     3 (6)     5 (7)     8 (3)     2 (1)     8 (1)     5 (2)    13 (5)
  K2: mean (weight)     7 (155)    5 (55)    4 (11)     4 (7)     6 (8)     9 (1)     3 (1)    10 (1)     6 (1)        --
  K3: mean (weight)     8 (345)   6 (174)    5 (30)     5 (8)     7 (8)    10 (6)     4 (2)    11 (1)     9 (1)        --
  K4: mean (weight)     9 (692)   7 (309)    6 (26)    6 (25)    8 (14)    11 (7)     6 (3)    12 (1)    13 (1)        --
  K5: mean (weight)   10 (1205)   8 (527)    7 (69)    7 (29)     9 (5)   12 (18)     7 (2)    13 (2)        --        --
  K6: mean (weight)   11 (2025)   9 (804)    8 (75)    8 (37)    10 (7)   13 (19)     8 (4)        --        --        --
  K7: mean (weight)   12 (3247) 10 (1238)   9 (107)    9 (53)    11 (8)        --     9 (3)        --        --        --
  K8: mean (weight)   13 (4785) 11 (1848)  10 (168)   10 (60)    12 (8)        --    10 (5)        --        --        --
  K9: mean (weight)          -- 12 (2368)  11 (191)   11 (71)   13 (28)        --    11 (8)        --        --        --
  K10: mean (weight)         -- 13 (3264)  12 (236)   12 (96)        --        --    12 (1)        --        --        --
  K11: mean (weight)         --        --  13 (287)  13 (121)        --        --    13 (6)        --        --        --



Time taken to build model: 0.02 seconds

=== Stratified cross-validation ===
=== Summary ===

Correctly Classified Instances       15601               62.379  %
Incorrectly Classified Instances      9409               37.621  %
Kappa statistic                          0.2891
Mean absolute error                      0.0928
Root mean squared error                  0.2187
Relative absolute error                 81.6351 %
Root relative squared error             91.7709 %
Total Number of Instances            25010     

=== Detailed Accuracy By Class ===

                 TP Rate  FP Rate  Precision  Recall   F-Measure  MCC      ROC Area  PRC Area  Class
                 0.859    0.510    0.627      0.859    0.725      0.375    0.774     0.773     0
                 0.446    0.199    0.622      0.446    0.519      0.265    0.708     0.645     1
                 0.036    0.002    0.422      0.036    0.066      0.112    0.789     0.196     2
                 0.189    0.002    0.688      0.189    0.297      0.355    0.841     0.280     3
                 0.086    0.002    0.174      0.086    0.115      0.120    0.863     0.041     S
                 0.000    0.000    ?          0.000    ?          ?        0.412     0.014     F
                 0.000    0.000    ?          0.000    ?          ?        0.855     0.062     FH
                 0.000    0.000    ?          0.000    ?          ?        0.940     0.003     4
                 0.000    0.000    ?          0.000    ?          ?        0.574     0.001     SF
                 0.400    0.000    0.143      0.400    0.211      0.239    1.000     0.256     RF
Weighted Avg.    0.624    0.339    ?          0.624    ?          ?        0.748     0.675     

=== Confusion Matrix ===

     a     b     c     d     e     f     g     h     i     j   <-- classified as
 10728  1765     0     0     0     0     0     0     0     0 |     a = 0
  5809  4723    37    12    18     0     0     0     0     0 |     b = 1
   418   709    43    26    10     0     0     0     0     0 |     c = 2
   102   287    18    97     9     0     0     0     0     0 |     d = 3
     2    70     1     0     8     0     0     0     0    12 |     e = S
    45     9     0     0     0     0     0     0     0     0 |     f = F
    11    17     3     5     0     0     0     0     0     0 |     g = FH
     0     5     0     1     0     0     0     0     0     0 |     h = 4
     1     3     0     0     1     0     0     0     0     0 |     i = SF
     0     3     0     0     0     0     0     0     0     2 |     j = RF

