=== Run information ===

Scheme:       weka.classifiers.bayes.NaiveBayes 
Relation:     poker_hand/training/cardnumeric/all
Instances:    25010
Attributes:   11
              S1
              C1
              S2
              C2
              S3
              C3
              S4
              C4
              S5
              C5
              CLASS
Test mode:    5-fold cross-validation

=== Classifier model (full training set) ===

Naive Bayes Classifier

                 Class
Attribute            0       1       2       3       S       F      FH       4      SF      RF
                 (0.5)  (0.42)  (0.05)  (0.02)     (0)     (0)     (0)     (0)     (0)     (0)
===============================================================================================
S1
  H              3091.0  2627.0   263.0   121.0    29.0    13.0    10.0     1.0     3.0     2.0
  S              3154.0  2663.0   324.0   124.0    18.0    12.0     7.0     2.0     2.0     2.0
  D              3074.0  2677.0   309.0   135.0    32.0    13.0    12.0     4.0     2.0     2.0
  C              3178.0  2636.0   314.0   137.0    18.0    20.0    11.0     3.0     2.0     3.0
  [total]       12497.0 10603.0  1210.0   517.0    97.0    58.0    40.0    10.0     9.0     9.0

C1
  mean           6.9853  6.9947  7.1965  6.6803  7.5161  7.2222  6.9444  6.6667     3.6     8.8
  std. dev.      3.7458  3.7534  3.7264   3.823  3.6059  3.8714  3.2994  3.1447  3.0725  3.9699
  weight sum      12493   10599    1206     513      93      54      36       6       5       5
  precision           1       1       1       1       1       1       1       1       1       1

S2
  H              3161.0  2668.0   310.0   129.0    23.0    13.0     9.0     1.0     3.0     2.0
  S              3065.0  2682.0   307.0   139.0    30.0    12.0    11.0     4.0     2.0     2.0
  D              3118.0  2599.0   277.0   120.0    22.0    13.0    12.0     2.0     2.0     2.0
  C              3153.0  2654.0   316.0   129.0    22.0    20.0     8.0     3.0     2.0     3.0
  [total]       12497.0 10603.0  1210.0   517.0    97.0    58.0    40.0    10.0     9.0     9.0

C2
  mean           7.0377  7.0004  6.8922  6.9201  7.8925  6.6481    6.25     6.5     5.6    11.8
  std. dev.      3.7636  3.7576  3.8651   3.852    3.31  3.7226  3.7072  3.0957  3.4409  0.9798
  weight sum      12493   10599    1206     513      93      54      36       6       5       5
  precision           1       1       1       1       1       1       1       1       1       1

S3
  H              3108.0  2650.0   300.0   126.0    23.0    13.0    12.0     3.0     3.0     2.0
  S              3068.0  2686.0   303.0   116.0    20.0    12.0     7.0     2.0     2.0     2.0
  D              3126.0  2551.0   297.0   131.0    30.0    13.0     8.0     3.0     2.0     2.0
  C              3195.0  2716.0   310.0   144.0    24.0    20.0    13.0     2.0     2.0     3.0
  [total]       12497.0 10603.0  1210.0   517.0    97.0    58.0    40.0    10.0     9.0     9.0

C3
  mean           7.0467  6.9875   6.927  6.8441  7.7849  6.9074  6.9167     6.5     5.8     9.8
  std. dev.       3.742  3.7409   3.831  3.7706   3.172  3.8886   3.235  3.0957  3.1875  4.5343
  weight sum      12493   10599    1206     513      93      54      36       6       5       5
  precision           1       1       1       1       1       1       1       1       1       1

S4
  H              3164.0  2635.0   285.0   128.0    31.0    13.0    12.0     6.0     3.0     2.0
  S              3115.0  2686.0   263.0   136.0    26.0    12.0    15.0     1.0     2.0     2.0
  D              3105.0  2684.0   356.0   131.0    19.0    13.0    10.0     2.0     2.0     2.0
  C              3113.0  2598.0   306.0   122.0    21.0    20.0     3.0     1.0     2.0     3.0
  [total]       12497.0 10603.0  1210.0   517.0    97.0    58.0    40.0    10.0     9.0     9.0

C4
  mean           6.9057  6.9772  7.0182  6.7856  7.4839  6.9074  7.3333  7.1667     5.6    11.6
  std. dev.      3.7401  3.7558  3.7758   3.747  3.1745  3.6982  3.6742  3.7156  3.0725  1.0198
  weight sum      12493   10599    1206     513      93      54      36       6       5       5
  precision           1       1       1       1       1       1       1       1       1       1

S5
  H              3113.0  2698.0   320.0   134.0    22.0    13.0    12.0     1.0     3.0     2.0
  S              3045.0  2686.0   276.0   124.0    22.0    12.0    10.0     3.0     2.0     2.0
  D              3166.0  2653.0   325.0   127.0    25.0    13.0    10.0     1.0     2.0     2.0
  C              3173.0  2566.0   289.0   132.0    28.0    20.0     8.0     5.0     2.0     3.0
  [total]       12497.0 10603.0  1210.0   517.0    97.0    58.0    40.0    10.0     9.0     9.0

C5
  mean           6.9549  6.9914  6.8939  6.6238  7.4301  7.0556  6.8611  9.3333     7.4       5
  std. dev.      3.7419  3.7355  3.8006  3.7708  3.2176  3.7585  3.6602  2.9814  3.0067  4.9396
  weight sum      12493   10599    1206     513      93      54      36       6       5       5
  precision           1       1       1       1       1       1       1       1       1       1



Time taken to build model: 0.02 seconds

=== Stratified cross-validation ===
=== Summary ===

Correctly Classified Instances       12467               49.8481 %
Incorrectly Classified Instances     12543               50.1519 %
Kappa statistic                         -0.0014
Mean absolute error                      0.1136
Root mean squared error                  0.2384
Relative absolute error                 99.9757 %
Root relative squared error            100.0358 %
Total Number of Instances            25010     

=== Detailed Accuracy By Class ===

                 TP Rate  FP Rate  Precision  Recall   F-Measure  MCC      ROC Area  PRC Area  Class
                 0.995    0.996    0.499      0.995    0.665      -0.009   0.510     0.511     0
                 0.004    0.005    0.350      0.004    0.008      -0.010   0.496     0.418     1
                 0.000    0.000    ?          0.000    ?          ?        0.520     0.052     2
                 0.000    0.000    ?          0.000    ?          ?        0.488     0.026     3
                 0.000    0.000    ?          0.000    ?          ?        0.632     0.007     S
                 0.000    0.000    ?          0.000    ?          ?        0.412     0.044     F
                 0.000    0.000    ?          0.000    ?          ?        0.484     0.001     FH
                 0.000    0.000    ?          0.000    ?          ?        0.648     0.001     4
                 0.000    0.000    ?          0.000    ?          ?        0.368     0.000     SF
                 0.000    0.000    ?          0.000    ?          ?        0.714     0.001     RF
Weighted Avg.    0.498    0.500    ?          0.498    ?          ?        0.505     0.435     

=== Confusion Matrix ===

     a     b     c     d     e     f     g     h     i     j   <-- classified as
 12425    68     0     0     0     0     0     0     0     0 |     a = 0
 10557    42     0     0     0     0     0     0     0     0 |     b = 1
  1201     5     0     0     0     0     0     0     0     0 |     c = 2
   510     3     0     0     0     0     0     0     0     0 |     d = 3
    93     0     0     0     0     0     0     0     0     0 |     e = S
    52     2     0     0     0     0     0     0     0     0 |     f = F
    36     0     0     0     0     0     0     0     0     0 |     g = FH
     6     0     0     0     0     0     0     0     0     0 |     h = 4
     5     0     0     0     0     0     0     0     0     0 |     i = SF
     5     0     0     0     0     0     0     0     0     0 |     j = RF

