=== Run information ===

Scheme:       weka.classifiers.bayes.NaiveBayes -K
Relation:     poker_hand/testing/cardnumeric/all
Instances:    1000000
Attributes:   12
              S1
              C1
              S2
              C2
              S3
              C3
              S4
              C4
              S5
              C5
              SameS
              CLASS
Test mode:    5-fold cross-validation

=== Classifier model (full training set) ===

Naive Bayes Classifier

                           Class
Attribute                      0           1           2           3           S           F          FH           4          SF          RF
                           (0.5)      (0.42)      (0.05)      (0.02)         (0)         (0)         (0)         (0)         (0)         (0)
=============================================================================================================================================
S1
  H                      125376.0    105224.0     12009.0      5339.0       973.0       469.0       373.0        49.0         4.0         1.0
  S                      124678.0    105661.0     11784.0      5252.0       917.0       506.0       357.0        69.0         5.0         2.0
  D                      125459.0    105793.0     11812.0      5241.0       988.0       534.0       359.0        62.0         3.0         1.0
  C                      125700.0    105824.0     12021.0      5293.0      1011.0       491.0       339.0        54.0         4.0         3.0
  [total]                501213.0    422502.0     47626.0     21125.0      3889.0      2000.0      1428.0       234.0        16.0         7.0

C1
  [# kernels]                   8          10          11          11           9           8          12          12           6           1
  [std. dev]               0.1667      0.1667      0.1667      0.1667      0.1667      0.1667      0.2915      0.7253      2.3094      0.1667
  [precision]                   1           1           1           1           1           1           1           1           1           1
  K1: mean (weight)    1 (193594)  1 (130154)   1 (10994)    1 (4777)     1 (762)     1 (783)     1 (206)      1 (41)       1 (1)       1 (3)
  K2: mean (weight)    2 (129501)   2 (97660)    2 (9220)    2 (4101)     2 (372)     2 (535)     2 (197)      2 (34)       3 (1)          --
  K3: mean (weight)     3 (81864)   3 (70715)    3 (7504)    3 (3423)     3 (379)     3 (316)     3 (176)      3 (34)       4 (3)          --
  K4: mean (weight)     4 (48899)   4 (49622)    4 (5937)    4 (2577)     4 (390)     4 (210)     4 (150)      4 (16)       5 (1)          --
  K5: mean (weight)     5 (27137)   5 (32953)    5 (4658)    5 (2041)     5 (399)      5 (89)     5 (140)      5 (17)       7 (3)          --
  K6: mean (weight)     6 (13289)   6 (20661)    6 (3528)    6 (1572)     6 (391)      6 (40)     6 (137)      6 (25)       9 (3)          --
  K7: mean (weight)      7 (5390)   7 (11610)    7 (2488)    7 (1128)     7 (387)      7 (18)     7 (128)      7 (19)          --          --
  K8: mean (weight)      8 (1535)    8 (6132)    8 (1663)     8 (737)     8 (394)       8 (5)      8 (79)      8 (10)          --          --
  K9: mean (weight)            --    9 (2389)     9 (983)     9 (441)     9 (411)          --      9 (91)      9 (12)          --          --
  K10: mean (weight)           --    10 (602)    10 (497)    10 (243)          --          --     10 (64)     10 (10)          --          --
  K11: mean (weight)           --          --    11 (150)     11 (81)          --          --     11 (37)      11 (8)          --          --
  K12: mean (weight)           --          --          --          --          --          --     12 (19)      12 (4)          --          --

S2
  H                      124715.0    106406.0     11867.0      5283.0      1014.0       469.0       374.0        68.0         4.0         1.0
  S                      124961.0    105136.0     11693.0      5295.0       951.0       506.0       337.0        53.0         5.0         2.0
  D                      125551.0    105407.0     11971.0      5231.0       984.0       534.0       377.0        62.0         3.0         1.0
  C                      125986.0    105553.0     12095.0      5316.0       940.0       491.0       340.0        51.0         4.0         3.0
  [total]                501213.0    422502.0     47626.0     21125.0      3889.0      2000.0      1428.0       234.0        16.0         7.0

C2
  [# kernels]                   9          11          12          12           9           9          12          13           6           1
  [std. dev]               0.1667      0.1667      0.1667      0.1667      0.1667      0.1791      0.2915      0.7913      2.3094      0.1667
  [precision]                   1           1           1           1           1           1           1           1           1           1
  K1: mean (weight)     2 (64256)   1 (32474)    1 (7376)    1 (1562)     2 (379)     2 (267)     1 (206)      1 (21)       2 (1)      10 (3)
  K2: mean (weight)     3 (94209)   2 (48858)    2 (6675)    2 (1900)     3 (372)     3 (390)     2 (197)      2 (21)       4 (1)          --
  K3: mean (weight)     4 (98782)   3 (57581)    3 (6211)    3 (2098)     4 (379)     4 (378)     3 (176)      3 (23)       5 (3)          --
  K4: mean (weight)     5 (87160)   4 (60506)    4 (5433)    4 (2189)     5 (390)     5 (370)     4 (150)      4 (14)       6 (1)          --
  K5: mean (weight)     6 (68540)   5 (57920)    5 (4899)    5 (2269)     6 (399)     6 (267)     5 (140)      5 (18)       8 (3)          --
  K6: mean (weight)     7 (46699)   6 (51729)    6 (4275)    6 (2241)     7 (391)     7 (163)     6 (137)      6 (20)      10 (3)          --
  K7: mean (weight)     8 (26859)   7 (42525)    7 (3656)    7 (2203)     8 (387)     8 (105)     7 (128)      7 (15)          --          --
  K8: mean (weight)     9 (12046)   8 (32638)    8 (3039)    8 (2000)     9 (394)      9 (41)      8 (79)      8 (15)          --          --
  K9: mean (weight)     10 (2658)   9 (21840)    9 (2469)    9 (1647)    10 (794)     10 (15)      9 (91)      9 (24)          --          --
  K10: mean (weight)           --  10 (12005)   10 (1820)   10 (1374)          --          --     10 (64)     10 (12)          --          --
  K11: mean (weight)           --   11 (4422)   11 (1133)   11 (1062)          --          --     11 (37)     11 (18)          --          --
  K12: mean (weight)           --          --    12 (636)    12 (576)          --          --     12 (19)     12 (11)          --          --
  K13: mean (weight)           --          --          --          --          --          --          --     13 (18)          --          --

S3
  H                      125767.0    105522.0     11808.0      5244.0       972.0       469.0       352.0        54.0         4.0         1.0
  S                      124658.0    106160.0     11912.0      5237.0       977.0       506.0       358.0        59.0         5.0         2.0
  D                      125864.0    105584.0     11999.0      5295.0       980.0       534.0       333.0        53.0         3.0         1.0
  C                      124924.0    105236.0     11907.0      5349.0       960.0       491.0       385.0        68.0         4.0         3.0
  [total]                501213.0    422502.0     47626.0     21125.0      3889.0      2000.0      1428.0       234.0        16.0         7.0

C3
  [# kernels]                   9          11          11          13           9           9          13          13           6           1
  [std. dev]               0.1667      0.1667      0.1667      0.1667      0.1667      0.1791       0.318      0.7913      2.3094      0.1667
  [precision]                   1           1           1           1           1           1           1           1           1           1
  K1: mean (weight)     3 (17360)   2 (16291)    2 (1877)    1 (1562)     3 (379)      3 (65)      1 (92)      1 (21)       3 (1)      11 (3)
  K2: mean (weight)     4 (42087)   3 (29363)    3 (3342)    2 (1628)     4 (372)     4 (171)     2 (115)      2 (21)       5 (1)          --
  K3: mean (weight)     5 (65893)   4 (39906)    4 (4571)    3 (1664)     5 (379)     5 (269)      3 (99)      3 (23)       6 (3)          --
  K4: mean (weight)     6 (81717)   5 (46899)    5 (5305)    4 (1570)     6 (390)     6 (303)      4 (94)      4 (14)       7 (1)          --
  K5: mean (weight)     7 (88260)   6 (51874)    6 (5847)    5 (1636)     7 (399)     7 (342)     5 (120)      5 (18)       9 (3)          --
  K6: mean (weight)     8 (82238)   7 (53583)    7 (6017)    6 (1605)     8 (391)     8 (340)     6 (127)      6 (20)      11 (3)          --
  K7: mean (weight)     9 (65103)   8 (51469)    8 (5773)    7 (1714)     9 (387)     9 (269)     7 (114)      7 (15)          --          --
  K8: mean (weight)    10 (41846)   9 (47256)    9 (5321)    8 (1632)    10 (394)    10 (163)      8 (98)      8 (15)          --          --
  K9: mean (weight)    11 (16705)  10 (40015)   10 (4515)    9 (1565)    11 (794)     11 (74)     9 (115)      9 (24)          --          --
  K10: mean (weight)           --  11 (29582)   11 (3270)   10 (1566)          --          --    10 (114)     10 (12)          --          --
  K11: mean (weight)           --  12 (16260)   12 (1784)   11 (1644)          --          --     11 (99)     11 (18)          --          --
  K12: mean (weight)           --          --          --   12 (1644)          --          --    12 (124)     12 (11)          --          --
  K13: mean (weight)           --          --          --   13 (1691)          --          --    13 (113)     13 (18)          --          --

S4
  H                      126086.0    105473.0     11909.0      5276.0       968.0       469.0       363.0        49.0         4.0         1.0
  S                      124952.0    105820.0     12001.0      5299.0       991.0       506.0       329.0        62.0         5.0         2.0
  D                      124991.0    105892.0     11979.0      5344.0      1007.0       534.0       354.0        60.0         3.0         1.0
  C                      125184.0    105317.0     11737.0      5206.0       923.0       491.0       382.0        63.0         4.0         3.0
  [total]                501213.0    422502.0     47626.0     21125.0      3889.0      2000.0      1428.0       234.0        16.0         7.0

C4
  [# kernels]                   9          11          12          12           9           9          12          13           6           1
  [std. dev]               0.1667      0.1667      0.1667      0.1667      0.1667      0.1791      0.2915      0.7913      2.3094      0.1667
  [precision]                   1           1           1           1           1           1           1           1           1           1
  K1: mean (weight)      4 (3166)    3 (4405)     2 (619)     2 (528)     4 (379)      4 (12)      2 (20)      1 (21)       4 (1)      12 (3)
  K2: mean (weight)     5 (12252)   4 (12014)    3 (1276)     3 (971)     5 (372)      5 (52)      3 (43)      2 (21)       6 (1)          --
  K3: mean (weight)     6 (27080)   5 (21703)    4 (1814)    4 (1420)     6 (379)     6 (105)      4 (49)      3 (23)       7 (3)          --
  K4: mean (weight)     7 (47029)   6 (32363)    5 (2400)    5 (1682)     7 (390)     7 (169)      5 (66)      4 (14)       8 (1)          --
  K5: mean (weight)     8 (68235)   7 (43038)    6 (3071)    6 (1949)     8 (399)     8 (245)      6 (79)      5 (18)      10 (3)          --
  K6: mean (weight)     9 (87489)   8 (51781)    7 (3690)    7 (2176)     9 (391)     9 (347)     7 (114)      6 (20)      12 (3)          --
  K7: mean (weight)    10 (98458)   9 (57710)    8 (4199)    8 (2236)    10 (387)    10 (399)     8 (119)      7 (15)          --          --
  K8: mean (weight)    11 (93695)  10 (60407)    9 (4898)    9 (2265)    11 (394)    11 (370)     9 (141)      8 (15)          --          --
  K9: mean (weight)    12 (63805)  11 (57968)   10 (5525)   10 (2128)    12 (794)    12 (297)    10 (170)      9 (24)          --          --
  K10: mean (weight)           --  12 (48785)   11 (5986)   11 (2143)          --          --    11 (175)     10 (12)          --          --
  K11: mean (weight)           --  13 (32324)   12 (6783)   12 (1932)          --          --    12 (210)     11 (18)          --          --
  K12: mean (weight)           --          --   13 (7361)   13 (1691)          --          --    13 (238)     12 (11)          --          --
  K13: mean (weight)           --          --          --          --          --          --          --     13 (18)          --          --

S5
  H                      125076.0    105499.0     12166.0      5243.0      1022.0       469.0       338.0        59.0         4.0         1.0
  S                      125054.0    105513.0     11935.0      5262.0       974.0       506.0       364.0        66.0         5.0         2.0
  D                      125365.0    106063.0     11874.0      5330.0       949.0       534.0       397.0        56.0         3.0         1.0
  C                      125718.0    105427.0     11651.0      5290.0       944.0       491.0       329.0        53.0         4.0         3.0
  [total]                501213.0    422502.0     47626.0     21125.0      3889.0      2000.0      1428.0       234.0        16.0         7.0

C5
  [# kernels]                   8          10          11          11           9           8          12          12           6           1
  [std. dev]               0.1667      0.1667      0.1667      0.1667      0.1667      0.1667      0.2915      0.7253      2.3094      0.1667
  [precision]                   1           1           1           1           1           1           1           1           1           1
  K1: mean (weight)      6 (1491)     4 (610)     3 (178)      3 (69)     5 (379)       6 (5)      2 (20)       2 (4)       5 (1)      13 (3)
  K2: mean (weight)      7 (5492)    5 (2352)     4 (509)     4 (201)     6 (372)      7 (28)      3 (43)       3 (9)       7 (1)          --
  K3: mean (weight)     8 (13501)    6 (5918)    5 (1022)     5 (427)     7 (379)      8 (49)      4 (49)      4 (11)       8 (3)          --
  K4: mean (weight)     9 (27006)   7 (11790)    6 (1661)     6 (721)     8 (390)      9 (93)      5 (66)      5 (13)       9 (1)          --
  K5: mean (weight)    10 (49221)   8 (20716)    7 (2522)    7 (1125)     9 (399)    10 (183)      6 (79)      6 (13)      11 (3)          --
  K6: mean (weight)    11 (82548)   9 (33245)    8 (3432)    8 (1513)    10 (391)    11 (322)     7 (114)      7 (16)      13 (3)          --
  K7: mean (weight)   12 (128762)  10 (49464)    9 (4625)    9 (2042)    11 (387)    12 (496)     8 (119)      8 (21)          --          --
  K8: mean (weight)   13 (193188)  11 (70828)   10 (6054)   10 (2665)    12 (394)    13 (820)     9 (141)      9 (31)          --          --
  K9: mean (weight)            --  12 (97640)   11 (7368)   11 (3285)    13 (794)          --    10 (170)     10 (20)          --          --
  K10: mean (weight)           -- 13 (129935)   12 (9206)   12 (4092)          --          --    11 (175)     11 (24)          --          --
  K11: mean (weight)           --          --  13 (11045)   13 (4981)          --          --    12 (210)     12 (28)          --          --
  K12: mean (weight)           --          --          --          --          --          --    13 (238)     13 (40)          --          --

SameS
  FALSE                  501210.0    422499.0     47623.0     21122.0      3886.0         1.0      1425.0       231.0         1.0         1.0
  TRUE                        1.0         1.0         1.0         1.0         1.0      1997.0         1.0         1.0        13.0         4.0
  [total]                501211.0    422500.0     47624.0     21123.0      3887.0      1998.0      1426.0       232.0        14.0         5.0



Time taken to build model: 1.19 seconds

=== Stratified cross-validation ===
=== Summary ===

Correctly Classified Instances      623867               62.3867 %
Incorrectly Classified Instances    376133               37.6133 %
Kappa statistic                          0.2877
Mean absolute error                      0.0932
Root mean squared error                  0.218 
Relative absolute error                 82.0886 %
Root relative squared error             91.5129 %
Total Number of Instances          1000000     

=== Detailed Accuracy By Class ===

                 TP Rate  FP Rate  Precision  Recall   F-Measure  MCC      ROC Area  PRC Area  Class
                 0.864    0.519    0.626      0.864    0.726      0.374    0.775     0.776     0
                 0.433    0.196    0.618      0.433    0.509      0.257    0.707     0.643     1
                 0.038    0.002    0.506      0.038    0.071      0.129    0.798     0.200     2
                 0.179    0.001    0.736      0.179    0.288      0.357    0.848     0.271     3
                 0.106    0.001    0.245      0.106    0.148      0.159    0.935     0.144     S
                 0.997    0.000    0.996      0.997    0.996      0.996    1.000     1.000     F
                 0.023    0.000    0.825      0.023    0.045      0.138    0.910     0.071     FH
                 0.143    0.000    0.846      0.143    0.245      0.348    0.958     0.184     4
                 0.000    0.000    0.000      0.000    0.000      -0.000   1.000     0.047     SF
                 1.000    0.000    0.600      1.000    0.750      0.775    1.000     1.000     RF
Weighted Avg.    0.624    0.343    0.619      0.624    0.591      0.312    0.750     0.678     

=== Confusion Matrix ===

      a      b      c      d      e      f      g      h      i      j   <-- classified as
 432972  67818      0      0    419      0      0      0      0      0 |      a = 0
 236971 182838   1314    592    783      0      0      0      0      0 |      b = 1
  16971  28304   1806    515     26      0      0      0      0      0 |      c = 2
   4604  12381    322   3781     33      0      0      0      0      0 |      d = 3
      1   3472      0      0    411      0      0      0      0      1 |      e = S
      0      0      0      0      2   1990      0      0      3      1 |      f = F
    224    826    115    220      0      0     33      6      0      0 |      g = FH
      0    147     15     28      0      0      7     33      0      0 |      h = 4
      0      0      0      0      4      8      0      0      0      0 |      i = SF
      0      0      0      0      0      0      0      0      0      3 |      j = RF

