=== Run information ===

Scheme:       weka.classifiers.bayes.NaiveBayes 
Relation:     poker_hand/training/cardnumeric/all
Instances:    25010
Attributes:   11
              S1
              C1
              S2
              C2
              S3
              C3
              S4
              C4
              S5
              C5
              CLASS
Test mode:    5-fold cross-validation

=== Classifier model (full training set) ===

Naive Bayes Classifier

                 Class
Attribute            0       1       2       3       S       F      FH       4      SF      RF
                 (0.5)  (0.42)  (0.05)  (0.02)     (0)     (0)     (0)     (0)     (0)     (0)
===============================================================================================
S1
  H              3092.0  2634.0   290.0   146.0    33.0    13.0     7.0     1.0     3.0     2.0
  S              3053.0  2670.0   298.0   118.0    22.0    12.0    10.0     3.0     2.0     2.0
  D              3184.0  2596.0   301.0   122.0    19.0    13.0    13.0     4.0     2.0     2.0
  C              3168.0  2703.0   321.0   131.0    23.0    20.0    10.0     2.0     2.0     3.0
  [total]       12497.0 10603.0  1210.0   517.0    97.0    58.0    40.0    10.0     9.0     9.0

C1
  mean            2.305  2.7874  3.4453  3.4113  4.7957  2.1667  4.5556     5.5     3.6       1
  std. dev.       1.462  1.8183  2.3198  2.3397  2.9055  1.2729  2.4545  2.3629  3.0725  0.1667
  weight sum      12493   10599    1206     513      93      54      36       6       5       5
  precision           1       1       1       1       1       1       1       1       1       1

S2
  H              3143.0  2702.0   308.0   116.0    18.0    13.0    13.0     1.0     3.0     2.0
  S              3039.0  2663.0   288.0   127.0    28.0    12.0     9.0     4.0     2.0     2.0
  D              3159.0  2645.0   319.0   138.0    25.0    13.0     8.0     1.0     2.0     2.0
  C              3156.0  2593.0   295.0   136.0    26.0    20.0    10.0     4.0     2.0     3.0
  [total]       12497.0 10603.0  1210.0   517.0    97.0    58.0    40.0    10.0     9.0     9.0

C2
  mean           4.6343  4.8792  4.6277   5.575   6.828  4.6667  4.5556     6.5     4.6      10
  std. dev.      1.8696  2.4824  2.9908  3.1479  2.7926       2  2.4545  3.0957  3.0725  0.1667
  weight sum      12493   10599    1206     513      93      54      36       6       5       5
  precision           1       1       1       1       1       1       1       1       1       1

S3
  H              3147.0  2651.0   286.0   130.0    24.0    13.0    13.0     4.0     3.0     2.0
  S              3171.0  2659.0   309.0   130.0    25.0    12.0     7.0     2.0     2.0     2.0
  D              3033.0  2662.0   319.0   130.0    22.0    13.0    14.0     2.0     2.0     2.0
  C              3146.0  2631.0   296.0   127.0    26.0    20.0     6.0     2.0     2.0     3.0
  [total]       12497.0 10603.0  1210.0   517.0    97.0    58.0    40.0    10.0     9.0     9.0

C3
  mean           6.9931  7.0123  6.9552  6.6277   7.828       7    6.75     6.5     5.6      11
  std. dev.      1.9912  2.6693  2.6821  3.8108  2.7926  2.0638  3.3613  3.0957  3.0725  0.1667
  weight sum      12493   10599    1206     513      93      54      36       6       5       5
  precision           1       1       1       1       1       1       1       1       1       1

S4
  H              3162.0  2651.0   284.0   128.0    27.0    13.0    13.0     3.0     3.0     2.0
  S              3054.0  2640.0   312.0   138.0    22.0    12.0     9.0     2.0     2.0     2.0
  D              3067.0  2639.0   302.0   127.0    36.0    13.0     8.0     3.0     2.0     2.0
  C              3214.0  2673.0   312.0   124.0    12.0    20.0    10.0     2.0     2.0     3.0
  [total]       12497.0 10603.0  1210.0   517.0    97.0    58.0    40.0    10.0     9.0     9.0

C4
  mean           9.3273  9.0884  9.3209  7.8733   8.828  9.1852  9.2222     6.5     6.6      12
  std. dev.      1.8839    2.48  3.0249  3.0316  2.7926  2.0734  2.9544  3.0957  3.0725  0.1667
  weight sum      12493   10599    1206     513      93      54      36       6       5       5
  precision           1       1       1       1       1       1       1       1       1       1

S5
  H              3093.0  2640.0   310.0   118.0    26.0    13.0     9.0     3.0     3.0     2.0
  S              3130.0  2771.0   266.0   126.0    19.0    12.0    15.0     1.0     2.0     2.0
  D              3146.0  2622.0   323.0   127.0    26.0    13.0     9.0     2.0     2.0     2.0
  C              3128.0  2570.0   311.0   146.0    26.0    20.0     7.0     4.0     2.0     3.0
  [total]       12497.0 10603.0  1210.0   517.0    97.0    58.0    40.0    10.0     9.0     9.0

C5
  mean          11.6706 11.1839 10.5788 10.3665   9.828 11.7222  9.2222 11.1667     7.6      13
  std. dev.      1.4783  1.8462   2.267  2.4515  2.7926    1.38  2.9544  1.7717  3.0725  0.1667
  weight sum      12493   10599    1206     513      93      54      36       6       5       5
  precision           1       1       1       1       1       1       1       1       1       1



Time taken to build model: 0.06 seconds

=== Stratified cross-validation ===
=== Summary ===

Correctly Classified Instances       14754               58.9924 %
Incorrectly Classified Instances     10256               41.0076 %
Kappa statistic                          0.2316
Mean absolute error                      0.0997
Root mean squared error                  0.2281
Relative absolute error                 87.715  %
Root relative squared error             95.7063 %
Total Number of Instances            25010     

=== Detailed Accuracy By Class ===

                 TP Rate  FP Rate  Precision  Recall   F-Measure  MCC      ROC Area  PRC Area  Class
                 0.799    0.501    0.614      0.799    0.695      0.313    0.739     0.758     0
                 0.444    0.252    0.565      0.444    0.497      0.201    0.666     0.553     1
                 0.022    0.003    0.293      0.022    0.042      0.070    0.753     0.135     2
                 0.037    0.005    0.135      0.037    0.058      0.061    0.837     0.093     3
                 0.075    0.003    0.077      0.075    0.076      0.073    0.809     0.031     S
                 0.000    0.000    ?          0.000    ?          ?        0.461     0.050     F
                 0.000    0.000    ?          0.000    ?          ?        0.839     0.015     FH
                 0.000    0.000    ?          0.000    ?          ?        0.829     0.003     4
                 0.000    0.003    0.000      0.000    0.000      -0.001   0.616     0.001     SF
                 1.000    0.001    0.200      1.000    0.333      0.447    1.000     0.239     RF
Weighted Avg.    0.590    0.357    ?          0.590    ?          ?        0.710     0.622     

=== Confusion Matrix ===

    a    b    c    d    e    f    g    h    i    j   <-- classified as
 9988 2497    0    4    0    0    0    0    4    0 |    a = 0
 5696 4708   47   71   32    0    0    0   37    8 |    b = 1
  444  660   27   36   29    0    0    0   10    0 |    c = 2
   81  378    7   19   21    0    0    0    7    0 |    d = 3
    0   55    9    6    7    0    0    0    4   12 |    e = S
   42   12    0    0    0    0    0    0    0    0 |    f = F
    7   22    2    3    1    0    0    0    1    0 |    g = FH
    0    6    0    0    0    0    0    0    0    0 |    h = 4
    0    2    0    2    1    0    0    0    0    0 |    i = SF
    0    0    0    0    0    0    0    0    0    5 |    j = RF

